X=201.913192
Y=167.438613
Z=1003.023437
