X=1812.060180
Y=-1533.206909
Z=5700.428710
