Owner=Miguel_Salvatore
vip=1
model=402
x=172.176132
y=-1340.417846
z=69.617675
rot=182.510101
col1=3
col2=1
time=1
ID=249
part0=0
part1=0
part2=0
part3=0
part4=0
part5=0
part6=0
part7=0
part8=0
part9=0
part10=0
part11=0
part12=0
part13=0
