Owner=Nick_Vasquez
vip=0
model=445
x=1616.137207
y=-1515.956909
z=13.460180
rot=272.975738
col1=6
col2=149
time=1
ID=250
