Owner=Stefano_Priciani
vip=1
model=543
x=311.124816
y=-1335.328491
z=53.266330
rot=206.465362
col1=0
col2=0
time=1
ID=252
part0=0
part1=0
part2=0
part3=0
part4=0
part5=0
part6=0
part7=0
part8=0
part9=0
part10=0
part11=0
part12=0
part13=0
