Owner=Charlotte_Spopovich
vip=0
model=560
x=1610.122802
y=-2031.605957
z=530.159606
rot=227.267242
col1=3
col2=3
time=1
ID=253
part0=0
part1=0
part2=0
part3=0
part4=0
part5=0
part6=0
part7=0
part8=0
part9=0
part10=0
part11=0
part12=0
part13=0
