Owner=Frenddys_Martinez
vip=1
model=579
x=2473.623291
y=-1704.608520
z=13.458567
rot=2.295810
col1=0
col2=1
time=1
ID=255
part0=0
part1=0
part2=0
part3=0
part4=0
part5=0
part6=0
part7=0
part8=0
part9=0
part10=0
part11=0
part12=0
part13=0
