Owner=Gabriel_Medrano
vip=0
model=543
x=1836.499877
y=-1871.477294
z=13.207981
rot=359.034179
col1=0
col2=0
time=1
ID=256
part0=0
part1=0
part2=0
part3=0
part4=0
part5=0
part6=0
part7=0
part8=0
part9=0
part10=0
part11=0
part12=0
part13=0
