Owner=Frenddys_Martinez
vip=0
model=522
x=2504.478759
y=-1692.945434
z=13.125524
rot=189.270019
col1=0
col2=0
time=1
ID=239
part0=0
part1=0
part2=0
part3=0
part4=0
part5=0
part6=0
part7=0
part8=0
part9=0
part10=0
part11=0
part12=0
part13=0
