Owner=Santiago_Dera
vip=0
model=404
x=532.372619
y=-1287.492553
z=17.492200
rot=272.312500
col1=0
col2=0
time=1
ID=257
