Owner=Elias_Chacon
vip=0
model=549
x=-2779.267333
y=-1523.944946
z=138.817993
rot=90.143913
col1=86
col2=86
time=1
ID=258
part0=0
part1=0
part2=0
part3=0
part4=0
part5=0
part6=0
part7=0
part8=0
part9=0
part10=0
part11=0
part12=0
part13=0
