Owner=Shady_Adel
vip=0
model=549
x=2327.685546
y=-1677.368774
z=14.027659
rot=269.907073
col1=53
col2=53
time=1
ID=259
part0=0
part1=0
part2=0
part3=0
part4=0
part5=0
part6=0
part7=0
part8=0
part9=0
part10=0
part11=0
part12=0
part13=0
