Owner=Ali_Mohammed
vip=0
model=522
x=2239.188476
y=-2676.882324
z=13.114208
rot=356.024444
col1=0
col2=3
time=1
ID=260
part0=0
part1=0
part2=0
part3=0
part4=0
part5=0
part6=0
part7=0
part8=0
part9=0
part10=0
part11=0
part12=0
part13=0
