Owner=Samuel_Dybala
vip=0
model=542
x=1111.855346
y=-643.304260
z=112.464866
rot=269.500732
col1=0
col2=0
time=1
ID=261
