Owner=Jhon_Lock
vip=0
model=542
x=1495.786987
y=-1738.006591
z=13.204517
rot=267.948333
col1=0
col2=0
time=1
ID=262
