Owner=Santi_Clutch
vip=0
model=549
x=1518.847778
y=-1676.559692
z=13.086799
rot=91.082885
col1=0
col2=0
time=1
ID=263
part0=0
part1=0
part2=0
part3=0
part4=0
part5=0
part6=0
part7=0
part8=0
part9=0
part10=0
part11=0
part12=0
part13=0
