Owner=Isaac_Rufino
vip=0
model=445
x=1544.888549
y=-1612.866455
z=13.259896
rot=90.449958
col1=3
col2=3
time=1
ID=265
part0=0
part1=0
part2=0
part3=0
part4=0
part5=0
part6=0
part7=0
part8=0
part9=0
part10=0
part11=0
part12=0
part13=0
