Owner=Dios_Injusto
vip=0
model=471
x=553.152648
y=-1278.808105
z=16.739376
rot=86.230690
col1=2
col2=2
time=1
ID=240
