Owner=Isaac_Rufino
vip=1
model=471
x=1453.137329
y=-634.670166
z=95.135078
rot=355.251464
col1=0
col2=1
time=1
ID=268
part0=0
part1=0
part2=0
part3=0
part4=0
part5=0
part6=0
part7=0
part8=0
part9=0
part10=0
part11=0
part12=0
part13=0
