Owner=Matias_Carlito
vip=0
model=429
x=1182.433349
y=-1249.085205
z=14.860622
rot=180.068542
col1=149
col2=0
time=1
ID=269
