Owner=Samuel_Huffman
vip=0
model=445
x=1914.658203
y=-1606.652099
z=13.335182
rot=266.931457
col1=0
col2=0
time=1
ID=270
