Owner=Samuel_Huffman
vip=1
model=445
x=1903.981323
y=-1606.804199
z=13.335239
rot=269.377288
col1=0
col2=0
time=1
ID=271
