Owner=Salomondo_Chacon
vip=1
model=468
x=-2793.512207
y=-1541.818237
z=139.373046
rot=285.542877
col1=0
col2=0
time=1
ID=275
part0=0
part1=0
part2=0
part3=0
part4=0
part5=0
part6=0
part7=0
part8=0
part9=0
part10=0
part11=0
part12=0
part13=0
