Owner=Brayan_Osorio
vip=0
model=451
x=1249.905151
y=-2026.162963
z=59.416927
rot=273.693328
col1=57
col2=57
time=1
ID=276
part0=0
part1=0
part2=0
part3=0
part4=0
part5=0
part6=0
part7=0
part8=0
part9=0
part10=0
part11=0
part12=0
part13=0
