Owner=Lewis_Zuckenberg
vip=0
model=542
x=533.187011
y=-1287.713256
z=19.094526
rot=278.526245
col1=0
col2=0
time=1
ID=277
part0=0
part1=0
part2=0
part3=0
part4=0
part5=0
part6=0
part7=0
part8=0
part9=0
part10=0
part11=0
part12=0
part13=0
