Owner=Walter_Gonzalez
vip=0
model=445
x=531.393310
y=-1286.423339
z=17.423376
rot=264.242980
col1=0
col2=0
time=1
ID=278
part0=0
part1=0
part2=0
part3=0
part4=0
part5=0
part6=0
part7=0
part8=0
part9=0
part10=0
part11=0
part12=0
part13=0
