Owner=Gonzalo_Alvarez
vip=0
model=576
x=2014.347534
y=-1737.532714
z=13.082991
rot=91.712020
col1=1
col2=6
time=1
ID=279
part0=0
part1=0
part2=0
part3=0
part4=0
part5=0
part6=0
part7=0
part8=0
part9=0
part10=0
part11=0
part12=0
part13=0
