Owner=Asaff_Khatab
vip=0
model=495
x=2506.725097
y=-1651.522705
z=14.029485
rot=315.981018
col1=0
col2=2
time=1
ID=280
part0=0
part1=0
part2=0
part3=0
part4=0
part5=0
part6=0
part7=0
part8=0
part9=0
part10=0
part11=0
part12=0
part13=0
