Owner=Darell_Castro
vip=0
model=549
x=532.332336
y=-1286.977172
z=16.951936
rot=271.642150
col1=0
col2=0
time=1
ID=281
part0=0
part1=0
part2=0
part3=0
part4=0
part5=0
part6=0
part7=0
part8=0
part9=0
part10=0
part11=0
part12=0
part13=0
