Owner=Dylan_Burdock
vip=0
model=404
x=1561.700805
y=-1560.945678
z=13.278697
rot=338.525512
col1=0
col2=0
time=1
ID=283
part0=0
part1=0
part2=0
part3=0
part4=0
part5=0
part6=0
part7=0
part8=0
part9=0
part10=0
part11=0
part12=0
part13=0
