Owner=Derek_Kahler
vip=0
model=445
x=1696.208984
y=-1519.002441
z=13.344513
rot=1.216031
col1=0
col2=0
time=1
ID=284
part0=0
part1=0
part2=0
part3=0
part4=0
part5=0
part6=0
part7=0
part8=0
part9=0
part10=0
part11=0
part12=0
part13=0
