Owner=Esteban_Aguilera
vip=0
model=445
x=531.932617
y=-1287.212158
z=18.049436
rot=270.248596
col1=6
col2=149
time=1
ID=242
