Owner=Zahir_Lawrence
vip=0
model=481
x=532.418212
y=-1287.920288
z=16.764837
rot=281.805541
col1=0
col2=0
time=1
ID=287
part0=0
part1=0
part2=0
part3=0
part4=0
part5=0
part6=0
part7=0
part8=0
part9=0
part10=0
part11=0
part12=0
part13=0
