Owner=Darwin_Chacon
vip=0
model=411
x=322.960235
y=-1765.408691
z=4.325476
rot=182.282882
col1=1
col2=1
time=1
ID=288
part0=0
part1=0
part2=0
part3=0
part4=0
part5=0
part6=0
part7=0
part8=0
part9=0
part10=0
part11=0
part12=0
part13=0
