Owner=Axel_Delvalle
vip=0
model=439
x=2715.462402
y=-2390.452392
z=13.528701
rot=353.031921
col1=6
col2=1
time=1
ID=289
part0=0
part1=0
part2=0
part3=0
part4=0
part5=0
part6=0
part7=0
part8=0
part9=0
part10=0
part11=0
part12=0
part13=0
