Owner=Foxy_Salazar
vip=1
model=543
x=1519.291015
y=-1666.288818
z=13.207753
rot=271.056030
col1=79
col2=1
time=1
ID=291
part0=0
part1=0
part2=0
part3=0
part4=0
part5=0
part6=0
part7=0
part8=0
part9=0
part10=0
part11=0
part12=0
part13=0
