Owner=Loder_Latter
vip=0
model=445
x=765.147094
y=-1660.426513
z=4.336921
rot=93.007537
col1=0
col2=0
time=1
ID=292
part0=0
part1=0
part2=0
part3=0
part4=0
part5=0
part6=0
part7=0
part8=0
part9=0
part10=0
part11=0
part12=0
part13=0
