Owner=Martin_Tapia
vip=0
model=549
x=-2797.851074
y=-1519.268920
z=138.918151
rot=272.953338
col1=6
col2=6
time=1
ID=293
part0=0
part1=0
part2=0
part3=0
part4=0
part5=0
part6=0
part7=0
part8=0
part9=0
part10=0
part11=0
part12=0
part13=0
