Owner=Santi_Clutch
vip=0
model=549
x=1468.369873
y=-1028.621215
z=23.435230
rot=93.329368
col1=0
col2=0
time=1
ID=295
part0=0
part1=0
part2=0
part3=0
part4=0
part5=0
part6=0
part7=0
part8=0
part9=0
part10=0
part11=0
part12=0
part13=0
