Owner=Miguel_Salvatore
vip=0
model=579
x=-1750.396362
y=677.671020
z=105.072975
rot=273.943542
col1=0
col2=0
time=1
ID=296
part0=0
part1=0
part2=0
part3=0
part4=0
part5=0
part6=0
part7=0
part8=0
part9=0
part10=0
part11=0
part12=0
part13=0
