Owner=Kenvante_Bullard
vip=0
model=445
x=533.439025
y=-1286.833374
z=18.106128
rot=271.685302
col1=0
col2=0
time=1
ID=243
