Owner=Ferney_Ramos
vip=0
model=522
x=1450.514160
y=-635.274414
z=95.298683
rot=356.746398
col1=1
col2=1
time=1
ID=298
part0=0
part1=0
part2=0
part3=0
part4=0
part5=0
part6=0
part7=0
part8=0
part9=0
part10=0
part11=0
part12=0
part13=0
