Owner=Walther_Quero
vip=0
model=468
x=1890.078247
y=-2315.285400
z=13.216024
rot=129.197937
col1=0
col2=0
time=1
ID=300
part0=0
part1=0
part2=0
part3=0
part4=0
part5=0
part6=0
part7=0
part8=0
part9=0
part10=0
part11=0
part12=0
part13=0
