Owner=Gonzalo_Alvarez
vip=1
model=542
x=2014.462036
y=-1740.808471
z=13.292112
rot=89.005981
col1=0
col2=0
time=1
ID=301
part0=0
part1=0
part2=0
part3=0
part4=0
part5=0
part6=0
part7=0
part8=0
part9=0
part10=0
part11=0
part12=0
part13=0
