Owner=Rodryana_Garcia
vip=0
model=481
x=532.536560
y=-1287.776489
z=17.995676
rot=263.359924
col1=0
col2=0
time=1
ID=303
part0=0
part1=0
part2=0
part3=0
part4=0
part5=0
part6=0
part7=0
part8=0
part9=0
part10=0
part11=0
part12=0
part13=0
