Owner=Omar_West
vip=0
model=404
x=1863.810302
y=-1608.330322
z=13.098867
rot=269.960876
col1=0
col2=0
time=1
ID=306
part0=0
part1=0
part2=0
part3=0
part4=0
part5=0
part6=0
part7=0
part8=0
part9=0
part10=0
part11=0
part12=0
part13=0
