Owner=Alfonso_Hoegaarden
vip=1
model=481
x=532.374328
y=-1287.492553
z=16.676923
rot=272.312530
col1=6
col2=149
time=1
ID=244
