Owner=Johan_Garzon
vip=0
model=542
x=2250.240966
y=-1053.967895
z=51.544914
rot=226.301589
col1=0
col2=0
time=1
ID=307
part0=0
part1=0
part2=0
part3=0
part4=0
part5=0
part6=0
part7=0
part8=0
part9=0
part10=0
part11=0
part12=0
part13=0
