Owner=Joaco_Ramos
vip=0
model=445
x=-483.713867
y=-528.226074
z=25.354255
rot=167.088470
col1=0
col2=0
time=1
ID=309
part0=0
part1=0
part2=0
part3=0
part4=0
part5=0
part6=0
part7=0
part8=0
part9=0
part10=0
part11=0
part12=0
part13=0
