Owner=Brayan_Osorio
vip=1
model=522
x=1249.636596
y=-2019.551391
z=59.286701
rot=275.432922
col1=1
col2=79
time=1
ID=311
part0=0
part1=0
part2=0
part3=0
part4=0
part5=0
part6=0
part7=0
part8=0
part9=0
part10=0
part11=0
part12=0
part13=0
