Owner=Ali_Mohammed
vip=1
model=411
x=1250.287231
y=-2031.220092
z=59.426483
rot=268.919006
col1=34
col2=34
time=1
ID=312
part0=0
part1=0
part2=0
part3=0
part4=0
part5=0
part6=0
part7=0
part8=0
part9=0
part10=0
part11=0
part12=0
part13=0
