Owner=Ferney_Ramos
vip=1
model=411
x=1447.465820
y=-635.034790
z=95.363761
rot=2.239994
col1=1
col2=0
time=1
ID=313
part0=0
part1=0
part2=0
part3=0
part4=0
part5=0
part6=0
part7=0
part8=0
part9=0
part10=0
part11=0
part12=0
part13=0
