Owner=Bruno_MojametJemir
vip=1
model=481
x=531.655029
y=-1287.323120
z=17.460168
rot=280.418975
col1=0
col2=0
time=1
ID=317
part0=0
part1=0
part2=0
part3=0
part4=0
part5=0
part6=0
part7=0
part8=0
part9=0
part10=0
part11=0
part12=0
part13=0
