Owner=Rocio_Orono
vip=0
model=445
x=532.222900
y=-1287.509033
z=18.012466
rot=283.002685
col1=0
col2=0
time=1
ID=318
part0=0
part1=0
part2=0
part3=0
part4=0
part5=0
part6=0
part7=0
part8=0
part9=0
part10=0
part11=0
part12=0
part13=0
