Owner=Agustin_Chacon
vip=0
model=541
x=1976.111938
y=-2211.067626
z=13.171712
rot=355.857666
col1=79
col2=0
time=1
ID=246
part0=0
part1=0
part2=0
part3=0
part4=0
part5=0
part6=0
part7=0
part8=0
part9=0
part10=0
part11=0
part12=0
part13=0
